1414678853
1
18
480
3
-1.04275
-1
-1
57
9
-1.04275
-1
-1
-1
-1
57
9
-1.04275
-1
-1
-1
-1
-1
-1
-1
-1
-1
-1
-1
-1
-1
-1
-1
57
9
-1.04275
-1
-1
-1
-1
-1
-1
-1
-1
-1
-1
-1
-1
-1
-1
-1
57
9
-1.04275
-1
-1
-1
-1
-1
-1
-1
-1
-1
-1
-1
-1
-1
-1
-1
-1
-1
57
9
-1.04275
-1
-1
-1
-1
-1
-1
-1
-1
-1
-1
-1
-1
-1
-1
-1
-1
-1
-1
-1
-1
-1
-1
-1
-1
-1
-1
-1
-1
-1
-1
-1
-1
-1
-1
-1
-1
45
4
-1.04275
-1
-1
-1
-1
-1
45
4
-1.04275
-1
-1
-1
-1
-1
45
4
-1.04275
-1
-1
-1
-1
-1
-1
-1
-1
-1
-1
-1
-1
-1
-1
-1
-1
-1
45
4
-1.04275
-1
-1
-1
-1
-1
-1
-1
-1
-1
-1
-1
-1
-1
-1
-1
-1
-1
-1
-1
-1
-1
-1
-1
-1
-1
-1
-1
-1
-1
-1
-1
-1
-1
-1
-1
-1
-1
-1
-1
-1
-1
-1
-1
-1
48
7
-1.04275
-1
-1
-1
-1
-1
-1
-1
-1
-1
-1
-1
-1
48
7
-1.04275
-1
-1
-1
-1
-1
-1
48
7
-1.04275
-1
-1
-1
-1
-1
-1
-1
-1
-1
-1
-1
-1
-1
-1
-1
-1
-1
-1
-1
-1
-1
-1
-1
-1
-1
-1
-1
-1
-1
-1
-1
-1
-1
-1
100
3
-1.04275
-1
-1
-1
-1
45
6
-1.04275
-1
-1
-1
-1
-1
-1
45
6
-1.04275
-1
-1
-1
-1
-1
-1
45
6
-1.04275
-1
-1
-1
-1
-1
-1
-1
-1
-1
-1
-1
-1
-1
-1
-1
-1
-1
45
6
-1.04275
-1
-1
-1
-1
-1
45
6
-1.04275
-1
-1
-1
-1
-1
-1
-1
-1
-1
-1
-1
-1
-1
-1
-1
-1
-1
-1
-1
-1
-1
-1
-1
-1
-1
-1
-1
-1
-1
-1
-1
-1
-1
-1
-1
-1
-1
-1
-1
-1
-1
-1
-1
-1
-1
-1
-1
-1
-1
-1
-1
-1
-1
-1
-1
-1
-1
-1
-1
-1
-1
-1
-1
-1
55
3
-1.04275
-1
-1
-1
-1
-1
-1
-1
-1
-1
55
3
-1.04275
-1
-1
-1
-1
-1
-1
-1
-1
-1
55
3
-1.04275
-1
-1
-1
55
3
-1.04275
-1
-1
-1
-1
-1
-1
-1
-1
-1
-1
-1
-1
-1
-1
-1
-1
-1
-1
-1
-1
-1
-1
-1
-1
-1
-1
-1
-1
-1
-1
-1
-1
-1
-1
-1
-1
-1
-1
-1
-1
-1
-1
-1
-1
-1
-1
-1
-1
-1
41
10
-1.04275
-1
41
10
-1.04275
-1
-1
-1
-1
-1
41
10
-1.04275
-1
-1
-1
-1
-1
41
10
-1.04275
-1
-1
-1
-1
-1
-1
-1
-1
-1
-1
-1
-1
-1
-1
-1
-1
41
10
-1.04275
-1
-1
-1
-1
-1
-1
-1
-1
-1
41
10
-1.04275
-1
-1
-1
-1
-1
-1
-1
-1
-1
-1
-1
-1
-1
-1
-1
-1
-1
-1
-1
-1
-1
-1
-1
-1
-1
-1
-1
-1
-1
-1
-1
-1
-1
-1
-1
-1
-1
-1
-1
-1
-1
-1
-1
-1
-1
-1
-1
-1
-1
-1
-1
-1
-1
-1
-1
-1
-1
-1
-1
-1
-1
-1
-1
-1
-1
-1
-1
111
8
-1.04275
-1
-1
-1
-1
-1
-1
-1
-1
-1
-1
-1
-1
-1
-1
-1
-1
111
8
-1.04275
-1
-1
58
8
-1.04275
-1
58
8
-1.04275
-1
-1
-1
-1
-1
-1
-1
-1
-1
-1
-1
58
8
-1.04275
-1
-1
-1
-1
-1
-1
-1
-1
-1
-1
-1
58
8
-1.04275
-1
-1
-1
-1
-1
-1
-1
-1
-1
-1
-1
-1
-1
-1
-1
-1
58
8
-1.04275
-1
-1
-1
-1
-1
-1
-1
-1
-1
-1
-1
-1
-1
-1
-1
-1
-1
-1
-1
-1
-1
-1
-1
-1
-1
-1
-1
-1
-1
-1
-1
-1
-1
-1
-1
-1
-1
-1
-1
-1
-1
-1
-1
-1
-1
-1
-1
-1
-1
-1
-1
-1
-1
-1
-1
-1
-1
53
11
-1.04275
-1
-1
-1
-1
-1
-1
-1
-1
-1
-1
-1
-1
-1
53
11
-1.04275
-1
-1
-1
-1
-1
-1
-1
-1
-1
-1
-1
-1
-1
-1
-1
-1
53
11
-1.04275
-1
-1
-1
-1
-1
-1
-1
-1
-1
53
11
-1.04275
-1
-1
-1
-1
-1
-1
-1
-1
-1
-1
-1
-1
-1
-1
-1
-1
-1
-1
-1
-1
-1
-1
-1
-1
-1
-1
-1
-1
-1
-1
-1
-1
-1
-1
-1
-1
37
12
-1.04275
-1
-1
-1
-1
-1
-1
37
12
-1.04275
-1
-1
-1
-1
-1
-1
-1
-1
-1
-1
-1
37
12
-1.04275
-1
-1
-1
-1
-1
-1
-1
-1
-1
-1
-1
37
12
-1.04275
-1
-1
-1
-1
-1
-1
-1
-1
-1
-1
-1
-1
-1
-1
-1
-1
37
12
-1.04275
-1
-1
-1
-1
-1
-1
-1
-1
-1
-1
-1
-1
-1
-1
-1
-1
-1
-1
-1
-1
-1
-1
-1
-1
-1
-1
-1
-1
-1
-1
-1
-1
-1
-1
-1
-1
-1
-1
-1
-1
-1
-1
-1
-1
41
5
-1.04275
-1
-1
-1
-1
41
5
-1.04275
-1
-1
-1
-1
-1
-1
-1
-1
-1
-1
-1
-1
-1
-1
41
5
-1.04275
-1
-1
-1
-1
-1
-1
-1
-1
-1
-1
-1
-1
-1
-1
41
5
-1.04275
-1
-1
-1
-1
-1
-1
-1
-1
-1
-1
-1
-1
-1
-1
-1
-1
-1
41
5
-1.04275
-1
-1
-1
-1
-1
-1
-1
-1
-1
-1
-1
-1
-1
-1
-1
-1
-1
-1
-1
-1
-1
-1
-1
-1
-1
-1
-1
-1
-1
-1
-1
-1
-1
-1
-1
-1
-1
-1
-1
